0.674843
1.0
0.0703243
0.53220546
1.0
0.9915986
0.6153943
0.9998103
0.7408683
0.0020183355
1.0
0.98095554
0.7844489
0.00037574992
0.63370717
0.8560832
0.99999034
0.53220546
0.9999956
1.0
0.80212414
0.7405641
0.7025068
0.55874777
0.99997234
0.7654415
0.9936545
0.45734552
0.0008618934
1.0
0.7604735
0.5978675
1.0
0.53220546
0.53378916
0.94442046
0.81563383
0.76517653
0.7795894
1.0
0.9822066
1.0
0.79441345
0.0052225953
0.72909826
0.99755067
1.0
1.0
0.8324411
1.0
0.99999976
0.6865983
0.641763
1.0
0.9190651
0.6638268
0.7578226
0.99995506
0.8385323
0.8404195
0.8494116
0.011353174
1.0
0.57528293
0.79035306
0.9523502
3.7200203e-07
5.9544845e-09
0.9880767
0.6288515
0.97822875
0.58407634
0.7010929
0.57760286
0.6300396
0.6828088
0.99279916
1.0
0.6414786
1.0
0.7565944
1.0
1.0
3.2057085e-07
0.75043994
0.71634924
0.8841038
0.00070579554
0.7307232
1.0
7.6421685e-07
0.6327285
1.0
0.9897141
0.75296944
0.0031409678
1.0
0.8409727
0.96441686
0.9990883
4.0713906e-14
0.0054163756
0.710032
0.8466963
0.67269754
0.996932
0.9982126
0.8705577
4.3514957e-12
0.00680993
0.7728019
1.0
0.98498625
0.9963007
0.83540905
1.0
0.80953723
0.8329122
0.87621605
0.00025140936
0.81718475
0.9999627
1.0
0.58473927
0.02440696
0.77733797
0.5940088
0.12403322
3.2487483e-06
1.0
0.790668
0.73046076
0.1320505
0.547423
0.99997807
5.15692e-10
0.8141299
0.5182321
0.98345333
0.6529561
0.6465026
0.89810705
0.61165816
0.84772563
0.2167737
0.11963232
0.3378311
0.9911137
0.7061766
0.30128974
0.99967647
0.98065805
0.6881218
0.88302696
0.75665516
0.6092169
0.60924935
1.0
0.9999995
0.7719667
0.8299179
0.00023676049
0.7206993
0.9748418
0.7599161
0.78907007
0.9999994
0.97509015
4.5359085e-12
0.55957866
3.4322414e-26
0.80539525
0.9999825
0.6968441
0.3223327
0.99996626
0.5653545
1.0
0.80385345
0.7193842
0.98654556
0.99999917
0.9981098
0.9917604
0.99998426
0.71456134
1.0
0.8238449
0.7574047
0.9366856
0.53220546
0.67051136
0.8034631
0.66668224
0.6182336
0.99320096
0.00015615513
0.06795548
1.0
0.5705476
1.1314363e-05
0.68466216
0.9999999
0.79992753
0.53320974
0.72578543
0.51607615
0.53220546
0.6375073
0.8388856
0.55751616
0.89277107
0.68806595
0.8363931
0.12521572
0.7219961
0.7096177
3.0126478e-07
0.6104911
0.9999974
0.35303372
0.99999857
0.71179986
0.968684
0.7170643
0.5821642
0.6838454
0.77645546
0.99998677
0.86393017
0.53220546
0.9998988
0.99572647
0.03837413
0.99999666
0.088844135
0.99997854
0.6020641
0.030974127
0.18648472
0.8637546
1.0
1.0
0.90675676
0.92530173
0.6219148
0.69846827
0.9958163
1.4390927e-09
0.004444057
0.059113584
0.67193943
0.6233114
0.74362993
0.6488793
0.7326428
1.0
0.7983588
0.6642311
1.0
0.9177845
0.7128816
0.7208915
0.9999956
1.0
0.7130579
0.9999999
0.9999733
0.99938023
0.99999905
0.00021169453
0.90746576
0.7262311
0.614232
0.58835375
0.20975667
0.9993505
1.0
0.6929505
0.53220546
0.6858564
0.54814345
0.6404421
0.47002554
0.2234566
0.5786112
0.84410226
1.0
0.6718834
0.9999902
0.9805799
1.0
1.0
0.81924856
0.65971726
0.5637633
0.8848331
0.9893267
0.78353214
1.0
0.78977007
0.7873659
0.8586367
2.359432e-05
0.98830813
0.7190484
0.759626
0.9138
0.556293
0.99999714
0.77675956
0.7579843
1.0
1.0
1.0
0.5476673
0.8056504
1.0
1.0
0.9999981
1.0
0.7354229
0.9984138
0.52749896
0.6360822
0.9999535
0.78838915
0.006601979
0.97736174
2.7127661e-11
0.76867115
0.58612216
0.956408
0.60267365
0.9993217
1.0
0.99989414
0.62697226
0.69139034
0.99996495
0.9999999
0.850178
0.6248373
1.7188421e-06
0.9123753
0.99999535
0.70806295
1.0
0.00016086531
0.728638
0.6822337
0.7447548
0.99985397
0.6892366
0.00054282125
0.9987696
0.3746197
0.65947765
1.0
0.9999999
0.061547197
0.15054739
0.91054034
0.65815395
0.9999578
1.0
1.0
9.813484e-13
0.7163556
0.029553985
3.154504e-07
0.6771754
0.58655876
0.7030719
0.7401958
1.0
0.7491693
2.102994e-06
0.8428328
0.7386418
0.9999944
0.7508856
0.58761144
0.63313895
0.81272185
0.8423626
1.0
0.66959065
0.63379663
0.9997392
0.67075443
0.20985478
0.6755046
1.0
0.99349
0.711702
1.0
0.657097
0.6321402
1.0
0.72471386
0.7298202
0.55485886
0.65915334
0.39792067
0.77053833
1.0
0.6634486
0.53220546
0.99991703
1.0
1.0
0.57216257
0.5767075
0.6776094
0.9779854
0.99360174
0.53220546
0.6645507
0.7443298
0.80356544
0.82291996
0.062579624
0.53220546
1.2520479e-06
0.60981137
0.7912431
0.99998915
0.6511685
0.7703312
0.62582576
0.9269899
0.67797446
5.7344434e-05
0.6704304
1.0
0.93160725
6.604103e-12
0.6292427
7.627167e-09
0.9998179
0.7403322
0.796249
2.2717056e-13
3.892317e-06
6.5500103e-07
0.99899393
0.7506122
0.48193678
0.6892147
0.53220546
1.0
0.7169842
0.7657275
0.8147502
0.44038704
0.8015681
1.0
1.0
0.8437031
0.71316224
0.43323228
0.99999917
0.71019375
0.90382075
0.9970118
0.0042090975
0.73062503
0.7322679
0.7737011
0.025194107
0.9926966
0.7297828
0.004071105
0.6303344
1.0
0.9999964
0.7040998
6.350601e-05
0.39748544
0.42892906
0.61144954
0.8039079
0.99930084
0.66828275
0.9745933
1.0
0.99998176
0.66325796
1.0
1.0
0.9982445
5.8812663e-08
0.75162077
1.0
0.00086221826
1.0
5.333886e-06
0.99357903
1.0
0.6879214
0.6343676
1.7309684e-08
0.9996973
0.6736771
0.99999595
0.000107872074
0.9999982
0.5568853
0.99658406
0.6560405
0.996651
0.9999962
0.96980673
0.6496018
0.79645514
0.9900573
0.70440745
0.7709808
1.0
0.0072679194
0.0037564451
0.999879
7.5382346e-17
0.72924876
0.711241
0.56451195
0.708426
0.53220546
0.53220546
0.70001894
1.0
0.69266695
0.7573302
0.60649216
0.9985979
1.0
0.8080128
0.9999958
0.78494793
0.69875324
1.0
1.0
0.6388801
0.5332341
0.66983366
0.9999833
1.6159999e-11
0.610075
0.63688004
1.0
2.489926e-10
0.5374563
0.731678
0.53220546
0.9999865
0.4256183
1.0
0.27703688
0.27095285
0.76959825
1.0
0.999984
0.88138676
0.8664173
0.99923766
0.58680797
0.701837
0.53220546
0.53220546
0.99955434
0.68027157
0.57713664
0.72536
0.7128963
0.99916935
0.4752575
0.5619323
0.86326444
0.53220546
0.861006
6.257077e-12
6.6824877e-15
0.9999988
8.295521e-21
0.5205493
0.779104
2.5919408e-07
0.2226359
0.63069516
0.53220546
0.7492795
4.912867e-08
0.8518739
0.82841104
1.0
0.5906777
0.73236066
0.9999988
1.0
0.9999914
0.63356733
0.9847357
0.008118443
0.9907261
0.6819657
0.0006265497
1.0
0.77713007
0.91768074
0.99982834
0.66507286
0.53220546
0.766763
1.0
1.0
0.9994822
2.5682278e-08
0.024201406
0.70481056
0.84484875
0.99999964
0.020571591
1.0
0.5234751
0.9462107
6.391917e-05
0.8728528
0.62955666
0.95503664
0.99455667
0.7281854
0.69963336
0.65050775
0.00050877227
0.53220546
0.67494655
0.98888624
0.9550847
0.7899287
0.6480107
0.98146063
1.0
0.99999976
1.0
0.7421799
0.6956222
0.99996614
0.63368547
0.047793325
1.0
0.65913284
0.6706999
1.0
0.9890855
1.0
0.9999989
3.112399e-10
0.74012524
1.0
0.96332043
0.65355814
0.9911074
0.007899066
1.0
0.9999186
0.7509618
0.020782955
0.9995846
0.9964972
0.59159374
0.70384914
0.9656344
0.99999976
0.99597126
0.75084853
0.999998
0.6389015
0.62500197
0.044834483
0.84540135
0.6993505
0.90260327
0.50194055
0.8820824
0.9999995
0.9252499
0.7449641
0.9985367
0.8414995
0.5888062
0.7536682
0.9597439
0.999718
0.98196435
0.9999976
0.004957037
1.0
0.6974012
0.99999845
0.8125561
0.8013298
0.99998116
1.0
0.6884167
0.74163604
2.522554e-05
0.70752054
0.87599456
0.83164597
0.6932221
0.8057158
0.5704568
0.55973005
0.84716934
5.7285973e-07
0.9978223
1.0
0.8115225
0.68841785
0.9966606
0.65462214
0.6771843
0.8684078
0.7625253
0.630231
0.53220546
1.0
2.7657723e-09
0.66829956
0.69432473
0.99998224
0.1395989
0.98875856
0.6838998
0.23184851
0.6320398
0.47255763
0.8023554
0.837149
0.7747347
0.026064109
0.9997905
1.0
0.9859995
0.7065722
0.9998252
0.010271923
2.0941238e-06
0.99984586
0.7305569
0.6285802
0.25776568
0.00052858674
0.74235547
0.98951995
0.7079523
0.81233186
0.03288254
0.9999958
0.087718636
0.53220546
1.0
0.43189934
0.9638758
0.025557341
0.9996226
0.75718313
0.99718153
0.80999124
0.6895886
0.87093943
1.674349e-08
0.008804522
0.7210014
1.0
0.7973747
0.99999976
1.0
0.9308523
0.9987872
0.77453965
0.6423351
0.65298307
0.75774133
0.9922272
1.0
1.0
1.0
0.9999995
0.53220546
0.9999999
0.81569886
0.9971814
0.81216854
0.53220546
7.411212e-31
0.00604582
0.8019464
0.53220546
0.5668612
0.6482338
1.0
0.53220546
0.6115487
0.84238714
0.9999918
1.3084823e-06
0.727751
0.999749
0.65705395
0.5847259
0.8758835
0.68212146
0.9995384
0.109430596
0.68681663
0.7082217
1.9866204e-09
0.5936085
0.63112265
0.7613363
0.5448829
0.99986494
3.4987332e-12
0.8284604
0.53220546
0.95255846
0.55996335
0.9706368
0.54382056
1.0
0.9434119
0.99981934
0.85021955
0.9768762
0.99268556
1.0
0.7110355
0.9999999
0.5461381
0.80994743
0.9999999
0.670616
0.7383604
0.7056242
0.7850958
1.0
0.9763214
0.5971966
0.6927731
0.9950578
0.77444917
0.74724406
0.53220546
0.26456082
0.12615998
0.8372663
0.024483401
0.7753639
0.35628742
0.9824781
1.0
0.95469487
0.99967813
0.9590307
0.60650027
0.84948456
0.76105636
0.64005125
0.9999999
0.77638036
0.8448008
0.6691192
0.78820884
0.41760594
0.77564466
1.3994324e-16
0.6164418
1.5812405e-12
0.7904756
0.70325977
1.0
0.9999999
1.0
1.0
0.91537046
0.7619074
0.77993214
0.81014496
1.0
1.0
0.5901559
0.99994266
1.0
0.7404985
0.583452
0.9816015
0.7103931
9.309433e-10
0.743991
0.9997316
0.049351357
1.0
1.0510895e-06
0.02480966
0.682739
0.5893981
0.9992275
1.123976e-05
0.0034690963
0.8352359
0.53220546
1.0
0.7049774
0.7651179
0.48328426
0.00035460817
0.7791306
0.14906496
0.67781913
0.55572826
0.9996493
0.99983704
0.6512545
0.03807174
0.00037890236
0.7961339
0.53220546
0.6359671
0.999998
0.8490075
0.008221959
0.23597139
1.3978218e-15
0.9984108
0.65557647
0.11241304
0.67706245
0.7234562
0.055823695
0.9960698
0.8424231
0.99053264
0.21461315
3.0610756e-06
0.80617493
0.9905235
0.5906258
0.18226756
1.0
0.7757606
0.732091
0.9262816
0.8623227
0.66398525
0.72072065
0.7362915
0.99999654
0.53220546
0.99998736
0.5650901
1.0
0.797647
0.65891135
0.71411705
0.9457475
0.7466843
0.63674426
0.40787658
0.0350302
0.9999931
8.303934e-08
0.6552905
0.8194972
0.99891233
0.56713426
0.9797706
0.78243136
0.99999964
0.90502405
0.9999827
0.96144515
0.5837552
0.83187735
1.05114895e-17
0.02664557
0.29258364
1.0
0.77233523
0.97184294
0.9999896
0.53220546
0.9901668
0.79602116
0.5960654
0.82102805
0.58330506
1.0603987e-08
1.0
